#BEAM Colour Palette Definition File
#Fri Mar 06 09:01:54 UTC 2020
autoDistribute=false
color0=29,40,140
color10=176,68,16
color1=15,81,151
color2=1,122,161
color3=106,180,181
color4=210,238,201
color5=228,242,186
color6=245,245,171
color7=210,210,113
color8=175,175,55
color9=176,122,36
numPoints=11
sample0=0.0
sample10=1.0
sample1=0.1
sample2=0.2
sample3=0.30000000000000004
sample4=0.4
sample5=0.5
sample6=0.6000000000000001
sample7=0.7000000000000001
sample8=0.8
sample9=0.9
